0 0.116797 0.797917 0.142969 0.295833
0 0.232422 0.825000 0.058594 0.350000
0 0.294531 0.820139 0.070312 0.245833
0 0.371094 0.767361 0.064062 0.306944
0 0.525000 0.815972 0.067188 0.287500
0 0.599219 0.766667 0.095312 0.255556
0 0.748047 0.788194 0.110156 0.304167
0 0.829687 0.788194 0.079687 0.281944
0 0.960156 0.525000 0.045313 0.155556
0 0.848437 0.550000 0.095312 0.227778
0 0.753125 0.529167 0.059375 0.158333
0 0.590234 0.593750 0.058594 0.118056
0 0.453125 0.508333 0.109375 0.275000
0 0.332031 0.545139 0.053125 0.145833
0 0.224219 0.627778 0.084375 0.186111
0 0.127344 0.627083 0.071875 0.137500
0 0.247266 0.280556 0.139844 0.461111
0 0.599219 0.324306 0.125000 0.306944
0 0.832422 0.308333 0.116406 0.355556
0 0.710938 0.197917 0.120312 0.381944
0 0.448047 0.194444 0.125781 0.291667
0 0.136328 0.251389 0.086719 0.472222
