0 0.377344 0.825000 0.132812 0.269444
0 0.566016 0.747917 0.200781 0.454167
0 0.748828 0.744444 0.155469 0.350000
0 0.788672 0.420139 0.130469 0.181944
0 0.939453 0.713889 0.121094 0.572222
0 0.687109 0.394444 0.130469 0.383333
0 0.477344 0.448611 0.165625 0.350000
0 0.080078 0.798611 0.160156 0.402778
0 0.151953 0.657639 0.264844 0.501389
0 0.141797 0.293056 0.089844 0.138889
0 0.044922 0.301389 0.088281 0.188889
0 0.293359 0.416667 0.219531 0.538889
0 0.603125 0.209028 0.118750 0.184722
0 0.655469 0.140278 0.107813 0.169444
0 0.821875 0.215972 0.120312 0.256944
0 0.916016 0.250694 0.108594 0.329167
